454
454
454
454
454
454
454
454
454
454
454
454
454
454
454
454
454
454
454
663
663
663
663
663
663
663
663
663
663
663
663
663
663
663
663
774
774
774
774
774
774
774
774
774
774
774
914
914
914
914
914
914
914
914
914
914
914
914
914
914
914
914
914
914
1165
1165
1165
1165
1165
1165
1165
1165
1165
1165
1165
2902
2902
2902
2902
2902
2902
2902
2902
2902
2902
2902
2902
2902
2902
2902
2902
2902
2902
2902
2902
3015
3015
3015
3015
3015
3015
3015
3015
3015
3015
3015
3015
3015
3015
3015
3264
3264
3264
3264
3264
3264
3264
3264
3264
3264
3264
3264
3264
3264
3264
3264
3264
3365
3365
3365
3365
3365
3365
3365
3365
3365
3365
3365
3365
3365
3365
3365
3365
3365
3365
3365
3365
3365
3410
3410
3410
3410
3410
3410
3410
3410
3410
3410
3410
3410
3410
3410
3410
3410
3410
3410
3461
3461
3461
3461
3461
3461
3461
3461
3461
3461
3461
3461
3461
3461
3461
3461
3461
3461
3461
3461
3655
3655
3655
3655
3655
3655
3655
3655
3655
3655
3655
3655
3655
3655
3655
3655
3655
3655
3655
3655
3655
3874
3907
3907
3907
3907
3907
3907
3907
3907
3907
3907
3907
3907
3907
3907
3907
3907
3907
4839
4839
4839
4839
4839
4839
4839
4839
4839
4839
4839
4839
4839
4839
4839
4839
4839
4839
4839
4973
4973
4973
4973
4973
4973
4973
4973
4973
4973
4973
4973
4973
4973
4973
4973
4973
4973
4973
4973
4973
5067
5067
5067
5067
5067
5067
5067
5094
5094
5094
5094
5094
5094
5094
5094
5094
5094
5094
5094
5094
5094
5094
5094
5094
5140
5140
5140
5140
5140
5140
5140
5140
5140
5140
5140
5140
5140
5140
5140
5140
5140
5140
5140
5140
5205
5205
5205
5205
5205
5205
5205
5205
5205
5205
5205
5205
5205
5205
5205
5205
5205
5205
5205
5205
5205
5205
5237
5237
5237
5237
5237
5237
5237
5237
5237
5237
5237
5237
5237
5262
5262
5262
5262
5262
5262
5262
5262
5262
5262
5262
5291
5291
5291
5291
5291
5291
5291
5291
5291
5291
5291
5328
5328
5328
5328
5328
5328
5328
5328
5328
5328
5328
5328
5328
5328
5328
5328
5328
5365
5365
5365
5365
5365
5365
5365
5365
5365
5365
5365
5365
5365
5365
5365
5365
5365
5389
5389
5389
5389
5389
5389
5389
5389
5389
5389
5389
5389
5389
5389
5389
5389
5389
5389
5389
5389
5389
5389
5392
5392
5392
5392
5392
5392
5392
5392
5392
5392
5392
5392
5392
5392
5392
5392
5392
5392
5392
5392
5412
5412
5412
5412
5412
5412
5412
5412
5412
5412
5412
5412
5412
5412
5412
5412
5412
5412
5412
5412
5412
5471
5471
5471
5471
5471
5471
5471
5471
5471
5471
5471
5471
5471
5471
5471
5471
5471
5471
5471
5471
5471
5533
5533
5533
5533
5533
5533
5533
5533
5533
5533
5533
5533
5533
5533
5533
5533
5533
5533
5533
5533
5533
5539
5539
5539
5539
5539
5539
5539
5539
5573
5573
5573
5573
5573
5573
5573
5573
5573
5573
5573
5573
5573
5573
5573
5573
5573
5573
5573
5573
5617
5617
5617
5617
5617
5617
5617
5617
5617
5617
5617
5617
5617
5617
5617
5617
5617
5617
5617
5617
5620
5620
5620
5620
5620
5620
5620
5620
5620
5620
5620
5620
5620
5620
5620
5628
5628
5628
5628
5628
5628
5628
5628
5628
5628
5628
5628
5628
5628
5628
5628
5628
5628
5628
5628
5660
5660
5660
5660
5660
5660
5660
5660
5660
5660
5660
5660
5660
5660
5660
5660
5672
5681
5681
5681
5681
5681
5681
5681
5681
5681
5681
5681
5681
5681
5681
5681
5681
5681
5681
5695
5695
5695
5695
5695
5695
5695
5695
5695
5695
5758
5758
5758
5758
5758
5758
5758
5758
5758
5758
5758
5758
5788
5788
5788
5788
5788
5788
5788
5794
5794
5794
5794
5794
5794
5794
5794
5794
5794
5794
5794
5794
5794
5794
5794
5794
5794
5794
5794
5794
